IMC OFFSET LIST

Image numbers and corresponding offset (642 images). Image numbers not mentioned
have zero offset.

   1      12.3
   2      31.6
   5      13.6
   6       0.7
   9     277.5
  16      52.7
  22      64.5
  57     185.1
  65      30.9
  66      28.3
  68      23.6
  69     242.5
  70      19.3
  78       1.0
  87      10.1
  88     219.1
  90      90.6
  91      17.6
  92      10.9
 101     398.4
 102     171.9
 112     191.8
 116     128.9
 120       0.2
 123      89.9
 128     120.9
 138      19.4
 144      88.4
 152      65.9
 153      71.7
 156       9.8
 166     320.4
 171      21.2
 175      11.6
 195      46.7
 198      90.3
 199       3.6
 215      77.1
 217     109.0
 222      21.2
 234      76.9
 242      43.6
 264     155.1
 265      19.2
 266      26.1
 268       1.5
 292      68.0
 293      11.3
 304     196.1
 305     107.9
 306      82.0
 307      10.4
 308      21.7
 312      15.7
 325     178.1
 333       4.4
 338      56.6
 359      13.9
 361      96.7
 380       9.6
 383     102.5
 455     125.9
 483     162.7
 512      13.5
 540     107.0
 553     163.8
 561     176.3
 569      25.0
 580       1.7
 602       0.4
 631       4.8
 634      56.4
 655      97.8
 665      27.7
 708       9.4
 714     156.7
 739      90.9
 764      85.3
 765      64.3
 778      67.7
 827      62.9
 856      55.4
 873      30.7
 883     115.1
 884      34.4
 901     154.3
 912     161.4
 935      85.7
 941     152.3
 944      39.8
 959     113.3
 963     176.1
 964     202.2
 967     354.2
 983      19.0
 999     349.2
1025     110.5
1056      13.7
1057      12.0
1073      25.4
1089      78.0
1091      18.2
1184      28.7
1220      59.5
1221      87.1
1259     111.2
1261      72.3
1271     113.7
1275      30.0
1292      29.5
1296     175.1
1305      46.4
1307      52.1
1326      22.9
1339     154.1
1350      58.4
1351     121.1
1368      44.1
1384      43.5
1386      28.2
1413      26.3
1414     115.8
1416      20.2
1418     152.9
1421     148.8
1422      42.1
1425      50.6
1426      90.2
1433      24.2
1436      31.7
1437      42.5
1438       2.4
1439      31.2
1440     117.5
1441      24.7
1443     146.7
1451      29.6
1456       0.4
1458     169.5
1459       5.7
1460       2.8
1461      40.8
1464      51.9
1465      21.1
1466      47.2
1467     106.2
1468      15.2
1469      22.3
1471      10.4
1477      33.7
1478       8.1
1480      44.5
1482      67.9
1483     109.1
1484      33.1
1485      15.4
1486      27.2
1490      26.5
1491      53.1
1492     299.4
1493     104.5
1495      64.9
1496      83.7
1499      20.6
1500     389.7
1501     105.4
1502      80.7
1505      85.8
1506      79.8
1507      41.5
1508      47.6
1509     136.2
1510      98.7
1512      50.3
1513     261.9
1514     198.8
1515      57.2
1516      14.5
1517     376.4
1519     107.6
1524       8.8
1526      41.7
1530      88.2
1536       6.8
1537      39.1
1544     257.7
1547      74.5
1548      59.6
1551      99.4
1552       1.8
1553     164.6
1556     107.2
1557     189.9
1560     262.0
1563      28.0
1565       6.6
1567      60.7
1578       0.9
1579      65.5
1586     121.2
1588       0.5
1589       8.3
1592      84.5
1596     184.7
1602       4.9
1607     116.7
1612       6.9
1617      18.9
1620       7.3
1622       4.3
1623       1.9
1626      19.3
1639       3.6
1641       3.2
1642      69.6
1649     105.4
1651     135.1
1674      95.5
1676     326.1
1677     172.8
1678     103.1
1680     107.3
1681      16.5
1706      45.7
1708      78.8
1728       7.2
1815     148.2
1817      86.8
1821     149.3
1826     221.5
1837     233.1
1840       5.3
1852     199.2
1854      43.8
1855      48.9
1858      45.2
1859     111.8
1862     120.9
1863     143.0
1864      50.8
1866     188.5
1869     269.4
1871      82.9
1873     225.1
1874     330.9
1875     515.5
1876       6.9
1877      60.3
1878       4.9
1879       3.2
1882     160.4
1883     288.5
1885     108.8
1886      16.1
1887     137.9
1888     233.1
1896     353.2
1900     115.9
1901     243.5
1905     187.4
1906      40.9
1917     579.6
1923     183.7
1924     282.7
1925      92.8
1928     261.9
1930     166.6
1931     137.6
1932      73.6
1935     110.7
1940       3.7
1965      99.5
1966       6.1
1967     124.1
1972      21.5
1974      29.8
1976     103.4
1978     295.3
1987     249.8
1989     331.4
1990     344.7
1991      31.8
1994     109.2
2003      21.6
2008       8.3
2009      41.6
2015     384.3
2016     279.0
2017     188.4
2018      49.2
2020     417.1
2021       6.8
2028     116.5
2029     145.8
2031      65.4
2032       5.6
2036      39.6
2037     143.0
2038       4.0
2039      66.3
2040     449.7
2041    1190.6
2048      92.6
2050    1062.6
2057       1.1
2058      14.4
2059     103.5
2062     112.8
2068     142.8
2069      13.8
2070      10.8
2079     429.0
2089     149.9
2090      21.6
2096     144.9
2097      40.3
2098      10.2
2099     188.9
2100     499.6
2101     251.0
2113     229.3
2119      55.8
2132     282.7
2153     105.9
2155      27.6
2161     288.9
2182     132.2
2185     388.1
2186     110.0
2189     350.4
2195     176.2
2198      12.2
2203      82.8
2204      48.5
2205     295.2
2206     198.8
2207     712.1
2214      74.2
2216      91.2
2220     106.3
2223     142.6
2225     181.8
2226     297.0
2228     142.2
2229     307.4
2230     164.1
2232     200.6
2234     132.4
2235     110.3
2236     104.0
2239      35.8
2240     122.4
2244     118.1
2246      71.7
2248     284.3
2249     148.4
2250     166.0
2252      24.8
2253      65.8
2254       2.9
2261     123.0
2272     198.6
2277      74.2
2278     176.2
2297     237.4
2299      12.5
2307      56.9
2330      21.6
2352     151.5
2353      72.8
2366      86.7
2369      28.5
2370     199.6
2377      48.6
2378     135.8
2398       7.0
2407     338.3
2408     354.9
2409      20.5
2441     129.7
2460     400.3
2463      85.3
2464     712.7
2466     113.8
2476     193.5
2478      21.6
2490     378.9
2491     155.0
2492     172.1
2519      44.7
2523      88.7
2529      59.5
2543      16.5
2560     231.4
2567      20.5
2593     110.6
2600     234.7
2601     506.6
2602     394.2
2603     237.3
2611     204.9
2612     340.9
2614      39.2
2625      70.2
2634     141.2
2641     120.4
2642     280.7
2644     216.1
2651     120.1
2652     266.1
2653      54.5
2668      40.0
2673      61.3
2679     137.0
2686      35.3
2733      71.3
2735     216.3
2738      62.9
2739     195.7
2778      33.7
2787      44.0
2788       4.4
2789      69.6
2790      27.6
2793     236.2
2794     155.6
2803      47.3
2807     114.9
2817     183.3
2825      98.0
2834       2.8
2835      97.9
2839      67.7
2842      85.5
2843     176.1
2844     217.9
2853      53.1
2854      48.7
2866     190.5
2886     120.1
2889     126.5
2895     131.4
2897     204.2
2904      10.0
2905      27.2
2906      36.1
2908      63.7
2911      54.9
2912       0.4
2914     110.2
2915     274.1
2920     156.8
2923      75.4
2924     267.1
2929     175.6
2944     122.7
2952      36.1
2953      50.5
2954     188.9
2957      41.0
2958     143.4
2959      34.8
2960       1.9
2965     171.2
2967     112.5
2973      93.0
2978       0.7
2979      33.9
2981      36.1
2982     127.2
2985      12.6
2991      92.9
2994      75.6
2995     173.8
2998      49.3
3003      42.5
3004      15.6
3005       0.2
3006       1.4
3007      25.9
3008      30.4
3009     181.7
3010      24.2
3011      32.2
3018     183.5
3021     256.6
3022      21.5
3030      26.7
3034      12.9
3035      34.1
3044     177.4
3047     159.1
3049      68.5
3050      47.4
3053     150.3
3071      24.6
3076      67.4
3077       7.8
3078       1.4
3082      67.8
3084     101.5
3090      60.7
3094      27.8
3097     143.4
3098       4.1
3100      33.2
3102      15.4
3109      64.8
3110      49.8
3112      86.2
3119     160.8
3120      73.0
3125     167.0
3126      72.8
3127      71.1
3131      49.6
3160       0.6
3161     193.6
3162      60.3
3174       6.9
3188      50.2
3189     108.7
3210     113.8
3218      44.2
3219      15.5
3220     147.1
3221      37.9
3222       5.4
3223     204.6
3224      32.9
3248      50.0
3257     295.8
3258      45.3
3260      91.7
3262      25.2
3264     120.0
3265     218.5
3272      50.6
3274     116.7
3276      44.4
3281     246.3
3285      26.6
3286       6.2
3290     114.5
3294      36.2
3300      55.7
3301     148.5
3321     122.6
3327      74.3
3336      32.2
3338      32.7
3343      74.1
3349      60.5
3353      25.7
3369      66.7
3384      18.9
3387     149.9
3401      49.1
3403     132.5
3409      43.4
3422      71.9
3426     145.1
3428      28.8
3433      58.2
3442     185.6
3475      87.5
3577     197.6
3596      80.5
3618     136.4
3633     202.1
3636     175.8
3638     219.1
3639      34.0
3646      63.8
3647      46.8
3649      12.7
3651      60.4
3652     204.4
3655      65.7
3657     134.9
3665       1.4
3680      33.3
3682     381.8
3687     274.8
3704      69.4
3705      58.4
3709     214.2
3710      36.1
3718     103.6
3719      56.9
3720      78.3
3723     143.9
3729      51.0
3730      72.2
3735      75.5
3736       5.8
3742     423.4
3743       5.0
3744      12.8
3758      29.9
3764     437.9
3769      26.7
3775      82.1
3778     111.9
3783      10.8
3784      75.4
3785     136.0
3790      50.4
3791      10.6
3792     154.1
3801      26.3
3802     169.7
3810      58.4
3811       9.8
3814      65.8
3820      48.7
3825     227.8
3835      24.2
3836      41.3
3837     113.0
3868      34.9
3885      14.1
3912     148.7
3924     323.0
3925     141.9
3986      77.1
3992     858.5
3995     890.1
4002     186.1
4019     128.5
4029      82.7
4039       6.5
4043     116.7
4053     102.0
4054     319.2
4090      28.1
4091       3.9
4096       6.0
4112     167.1
4113     695.3
4156     128.8
4164      47.6